RAYITS:	0	17 14 23 	18(3)
RAYPRECSETUP:	0	1.21072 1.29904 1.17452 	1.22809(3)
RAYLINSOLVER:	0	2.22835 2.16154 2.44238 	2.27742(3)
