RAYITS:	0	5 3 6 	4.7(3)
RAYPRECSETUP:	0	1.128898 0.993731 1.081846 	1.068158(3)
RAYLINSOLVER:	0	1.525360 1.299718 1.552053 	1.459044(3)
