RAYITS:	0	5 3 6 	4.7(3)
RAYPRECSETUP:	0	1.332550 1.403400 1.259242 	1.331731(3)
RAYLINSOLVER:	0	1.789164 1.731147 1.803753 	1.774688(3)
