RAYITS:	0	2 2 5 	3(3)
RAYPRECSETUP:	0	0.0709229 0.0710051 0.0754931 	0.0724737(3)
RAYLINSOLVER:	0	0.0860829 0.090421 0.104256 	0.0935866(3)
