RAYITS:	0	5 3 6 	4.7(3)
RAYPRECSETUP:	0	0.193700 0.180414 0.185566 	0.186560(3)
RAYLINSOLVER:	0	0.282703 0.241142 0.281448 	0.268431(3)
