RAYITS:	0	5 3 6 	4.7(3)
RAYPRECSETUP:	0	1.451930 1.435288 1.378060 	1.421759(3)
RAYLINSOLVER:	0	1.867383 1.736046 1.864594 	1.822674(3)
