RAYITS:	0	1 2 4 	2.3(3)
RAYPRECSETUP:	0	0.229091 0.236711 0.232364 	0.232722(3)
RAYLINSOLVER:	0	0.254191 0.274499 0.283143 	0.270611(3)
