RAYITS:	0	2 2 5 	3(3)
RAYPRECSETUP:	0	0.059072 0.067389 0.0587862 	0.0617491(3)
RAYLINSOLVER:	0	0.0718222 0.0830519 0.0814321 	0.0787687(3)
