RAYITS:	0	12 16 16 	14.7(3)
RAYPRECSETUP:	0	0.038864 0.044873 0.044107 	0.042615(3)
RAYLINSOLVER:	0	0.054805 0.067008 0.070100 	0.063971(3)
