RAYITS:	0	12 16 16 	14.7(3)
RAYPRECSETUP:	0	0.082394 0.079615 0.104331 	0.088780(3)
RAYLINSOLVER:	0	0.126089 0.154843 0.194727 	0.158553(3)
