RAYITS:	0	14 14 15 	14.3(3)
RAYPRECSETUP:	0	0.044444 0.049756 0.044673 	0.046291(3)
RAYLINSOLVER:	0	0.064865 0.073526 0.065726 	0.068039(3)
