RAYITS:	0	16 14 19 	16.3(3)
RAYPRECSETUP:	0	0.283584 0.255570 0.273156 	0.270770(3)
RAYLINSOLVER:	0	0.512423 0.447550 0.519469 	0.493147(3)
