RAYITS:	0	17 14 23 	18(3)
RAYPRECSETUP:	0	1.01295 1.01685 1.04247 	1.02409(3)
RAYLINSOLVER:	0	1.90203 1.74705 2.21046 	1.95318(3)
