RAYITS:	0	1 2 4 	2.3(3)
RAYPRECSETUP:	0	0.245982 0.232793 0.265434 	0.248070(3)
RAYLINSOLVER:	0	0.290420 0.282219 0.354525 	0.309055(3)
