RAYITS:	0	5 3 4 	4(3)
RAYPRECSETUP:	0	0.067199 0.0650771 0.0886738 	0.07365(3)
RAYLINSOLVER:	0	0.101718 0.090065 0.109867 	0.10055(3)
