RAYITS:	0	5 3 6 	4.7(3)
RAYPRECSETUP:	0	1.121896 0.990678 1.078119 	1.063564(3)
RAYLINSOLVER:	0	1.518339 1.296635 1.548248 	1.454407(3)
