RAYITS:	0	16 14 19 	16.3(3)
RAYPRECSETUP:	0	0.218388 0.215010 0.214434 	0.215944(3)
RAYLINSOLVER:	0	0.408737 0.378765 0.426376 	0.404626(3)
