RAYITS:	0	15 16 23 	18(3)
RAYPRECSETUP:	0	1.00155 1.35201 1.21519 	1.18958(3)
RAYLINSOLVER:	0	1.97255 3.25159 2.85237 	2.69217(3)
