RAYITS:	0	1 2 4 	2.3(3)
RAYPRECSETUP:	0	1.611131 1.385300 1.305734 	1.434055(3)
RAYLINSOLVER:	0	1.799381 1.646665 1.698234 	1.714760(3)
