RAYITS:	0	1 2 4 	2.3(3)
RAYPRECSETUP:	0	1.638599 1.394573 1.346259 	1.459810(3)
RAYLINSOLVER:	0	1.826794 1.655674 1.738759 	1.740409(3)
