RAYITS:	0	17 14 23 	18(3)
RAYPRECSETUP:	0	1.18233 1.33275 1.17354 	1.22954(3)
RAYLINSOLVER:	0	2.19937 2.19491 2.44135 	2.27854(3)
