RAYITS:	0	5 3 4 	4(3)
RAYPRECSETUP:	0	0.0461831 0.0413799 0.043102 	0.043555(3)
RAYLINSOLVER:	0	0.063473 0.054702 0.058105 	0.05876(3)
