RAYITS:	0	5 3 6 	4.7(3)
RAYPRECSETUP:	0	0.235334 0.238513 0.238061 	0.237303(3)
RAYLINSOLVER:	0	0.367972 0.312729 0.358441 	0.346381(3)
