RAYITS:	0	12 16 16 	14.7(3)
RAYPRECSETUP:	0	0.082904 0.071115 0.077694 	0.077238(3)
RAYLINSOLVER:	0	0.121200 0.139226 0.177020 	0.145815(3)
