RAYITS:	0	5 3 6 	4.7(3)
RAYPRECSETUP:	0	0.244788 0.256445 0.253380 	0.251538(3)
RAYLINSOLVER:	0	0.377137 0.330377 0.373471 	0.360328(3)
