RAYITS:	0	2 2 5 	3(3)
RAYPRECSETUP:	0	0.028976 0.032053 0.0331781 	0.0314023(3)
RAYLINSOLVER:	0	0.0357652 0.0391262 0.0430079 	0.0392997(3)
