RAYITS:	0	2 2 5 	3(3)
RAYPRECSETUP:	0	0.0713329 0.071861 0.0762558 	0.0731499(3)
RAYLINSOLVER:	0	0.08619 0.0909581 0.104669 	0.093939(3)
