RAYITS:	0	5 3 6 	4.7(3)
RAYPRECSETUP:	0	0.235268 0.231368 0.232407 	0.233014(3)
RAYLINSOLVER:	0	0.293178 0.274481 0.294157 	0.287272(3)
