RAYITS:	0	1 2 4 	2.3(3)
RAYPRECSETUP:	0	1.909575 2.076188 2.102326 	2.029363(3)
RAYLINSOLVER:	0	2.029897 2.272930 2.382614 	2.228480(3)
