RAYITS:	0	14 14 15 	14.3(3)
RAYPRECSETUP:	0	0.098357 0.094029 0.073712 	0.088699(3)
RAYLINSOLVER:	0	0.182973 0.151484 0.145028 	0.159828(3)
