RAYITS:	0	14 14 15 	14.3(3)
RAYPRECSETUP:	0	0.054634 0.052452 0.055824 	0.054303(3)
RAYLINSOLVER:	0	0.096659 0.092842 0.096630 	0.095377(3)
