RAYITS:	0	12 16 20 	16(3)
RAYPRECSETUP:	0	0.20744 0.331854 0.263404 	0.267566(3)
RAYLINSOLVER:	0	0.380432 0.593828 0.642808 	0.539023(3)
