RAYITS:	0	14 14 15 	14.3(3)
RAYPRECSETUP:	0	0.076440 0.079201 0.070738 	0.075460(3)
RAYLINSOLVER:	0	0.128249 0.153849 0.129121 	0.137073(3)
