RAYITS:	0	14 14 15 	14.3(3)
RAYPRECSETUP:	0	0.097167 0.093425 0.073310 	0.087967(3)
RAYLINSOLVER:	0	0.184032 0.153238 0.146959 	0.161410(3)
