RAYITS:	0	12 16 20 	16(3)
RAYPRECSETUP:	0	0.16866 0.212963 0.289746 	0.22379(3)
RAYLINSOLVER:	0	0.284672 0.41495 0.567767 	0.422463(3)
