RAYITS:	0	2 2 5 	3(3)
RAYPRECSETUP:	0	0.0607662 0.0673091 0.0587862 	0.0622872(3)
RAYLINSOLVER:	0	0.0735049 0.0832591 0.081429 	0.0793977(3)
