RAYITS:	0	15 16 23 	18(3)
RAYPRECSETUP:	0	1.00887 1.35552 1.21844 	1.19428(3)
RAYLINSOLVER:	0	1.97958 3.25522 2.85592 	2.6969(3)
