RAYITS:	0	16 14 19 	16.3(3)
RAYPRECSETUP:	0	0.260997 0.297390 0.287581 	0.281989(3)
RAYLINSOLVER:	0	0.532034 0.495799 0.536048 	0.521294(3)
