RAYITS:	0	12 16 16 	14.7(3)
RAYPRECSETUP:	0	0.062383 0.056090 0.054128 	0.057534(3)
RAYLINSOLVER:	0	0.095784 0.102834 0.099497 	0.099372(3)
