RAYITS:	0	12 16 16 	14.7(3)
RAYPRECSETUP:	0	0.080867 0.072693 0.079549 	0.077703(3)
RAYLINSOLVER:	0	0.119158 0.141088 0.178524 	0.146257(3)
