RAYITS:	0	1 2 4 	2.3(3)
RAYPRECSETUP:	0	0.246154 0.249477 0.244403 	0.246678(3)
RAYLINSOLVER:	0	0.290640 0.299007 0.333504 	0.307717(3)
