RAYITS:	0	5 3 6 	4.7(3)
RAYPRECSETUP:	0	1.450385 1.431542 1.372084 	1.418004(3)
RAYLINSOLVER:	0	1.866126 1.732701 1.858332 	1.819053(3)
