RAYITS:	0	5 3 4 	4(3)
RAYPRECSETUP:	0	0.033782 0.0344381 0.0344319 	0.0342174(3)
RAYLINSOLVER:	0	0.0442929 0.0423481 0.043273 	0.0433047(3)
