RAYITS:	0	1 2 4 	2.3(3)
RAYPRECSETUP:	0	1.429265 1.727069 1.360657 	1.505664(3)
RAYLINSOLVER:	0	1.573941 1.991679 1.703113 	1.756244(3)
