RAYITS:	0	15 16 23 	18(3)
RAYPRECSETUP:	0	0.761878 1.00874 1.03037 	0.933662(3)
RAYLINSOLVER:	0	1.45914 2.01311 2.34763 	1.93996(3)
