RAYITS:	0	12 16 20 	16(3)
RAYPRECSETUP:	0	0.188463 0.222269 0.223563 	0.211432(3)
RAYLINSOLVER:	0	0.259909 0.331388 0.355249 	0.315515(3)
