RAYITS:	0	12 16 16 	14.7(3)
RAYPRECSETUP:	0	0.082760 0.080727 0.105014 	0.089500(3)
RAYLINSOLVER:	0	0.126462 0.156270 0.195680 	0.159471(3)
