RAYITS:	0	15 16 23 	18(3)
RAYPRECSETUP:	0	0.903431 1.33207 1.29684 	1.17744(3)
RAYLINSOLVER:	0	1.70854 2.44746 2.82753 	2.32784(3)
