RAYITS:	0	12 16 20 	16(3)
RAYPRECSETUP:	0	0.167731 0.210531 0.287569 	0.221944(3)
RAYLINSOLVER:	0	0.283699 0.412511 0.565556 	0.420589(3)
