RAYITS:	0	5 3 6 	4.7(3)
RAYPRECSETUP:	0	0.244322 0.237430 0.252304 	0.244685(3)
RAYLINSOLVER:	0	0.348847 0.310661 0.375084 	0.344864(3)
