RAYITS:	0	5 3 6 	4.7(3)
RAYPRECSETUP:	0	0.251889 0.233788 0.252805 	0.246161(3)
RAYLINSOLVER:	0	0.384241 0.307721 0.372887 	0.354950(3)
