RAYITS:	0	5 3 6 	4.7(3)
RAYPRECSETUP:	0	0.251286 0.253844 0.255703 	0.253611(3)
RAYLINSOLVER:	0	0.384087 0.328074 0.376099 	0.362753(3)
