RAYITS:	0	14 14 15 	14.3(3)
RAYPRECSETUP:	0	0.098193 0.093787 0.073805 	0.088595(3)
RAYLINSOLVER:	0	0.182804 0.151244 0.145121 	0.159723(3)
