RAYITS:	0	2 2 5 	3(3)
RAYPRECSETUP:	0	0.0619791 0.0672412 0.0620971 	0.0637724(3)
RAYLINSOLVER:	0	0.0747328 0.0828922 0.0847468 	0.0807906(3)
