RAYITS:	0	17 14 23 	18(3)
RAYPRECSETUP:	0	1.1868 1.23918 1.20819 	1.21139(3)
RAYLINSOLVER:	0	2.20384 2.10132 2.47601 	2.26039(3)
