RAYITS:	0	1 2 4 	2.3(3)
RAYPRECSETUP:	0	0.243768 0.251551 0.272218 	0.255846(3)
RAYLINSOLVER:	0	0.297838 0.313254 0.383152 	0.331415(3)
