RAYITS:	0	12 16 20 	16(3)
RAYPRECSETUP:	0	0.206805 0.331356 0.262133 	0.266765(3)
RAYLINSOLVER:	0	0.38196 0.592947 0.641149 	0.538685(3)
