RAYITS:	0	1 2 4 	2.3(3)
RAYPRECSETUP:	0	0.212641 0.182841 0.193289 	0.196257(3)
RAYLINSOLVER:	0	0.247041 0.234732 0.271037 	0.250937(3)
