RAYITS:	0	12 16 20 	16(3)
RAYPRECSETUP:	0	0.216894 0.271371 0.279507 	0.255924(3)
RAYLINSOLVER:	0	0.388429 0.520579 0.572126 	0.493711(3)
