RAYITS:	0	12 16 16 	14.7(3)
RAYPRECSETUP:	0	0.081294 0.070191 0.076952 	0.076146(3)
RAYLINSOLVER:	0	0.119582 0.138304 0.176071 	0.144652(3)
