RAYITS:	0	15 16 23 	18(3)
RAYPRECSETUP:	0	1.00067 1.27593 1.21876 	1.16512(3)
RAYLINSOLVER:	0	1.97166 3.17522 2.85625 	2.66771(3)
