RAYITS:	0	1 2 4 	2.3(3)
RAYPRECSETUP:	0	0.213293 0.184672 0.195341 	0.197769(3)
RAYLINSOLVER:	0	0.247687 0.236575 0.273106 	0.252456(3)
