RAYITS:	0	1 2 4 	2.3(3)
RAYPRECSETUP:	0	1.431508 1.738207 1.358684 	1.509466(3)
RAYLINSOLVER:	0	1.575899 2.002822 1.701269 	1.759997(3)
