RAYITS:	0	2 2 5 	3(3)
RAYPRECSETUP:	0	0.0467489 0.0430129 0.0415001 	0.0437539(3)
RAYLINSOLVER:	0	0.0560021 0.0570841 0.059062 	0.0573827(3)
