RAYITS:	0	17 14 23 	18(3)
RAYPRECSETUP:	0	1.24728 1.20215 1.1988 	1.21608(3)
RAYLINSOLVER:	0	2.27095 2.02192 2.69494 	2.32927(3)
