RAYITS:	0	2 2 5 	3(3)
RAYPRECSETUP:	0	0.0704398 0.0713279 0.0757389 	0.0725022(3)
RAYLINSOLVER:	0	0.0856469 0.09073 0.104485 	0.0936206(3)
