RAYITS:	0	5 3 4 	4(3)
RAYPRECSETUP:	0	0.0652859 0.062417 0.0867679 	0.0714903(3)
RAYLINSOLVER:	0	0.102197 0.0895381 0.110925 	0.100887(3)
