RAYITS:	0	5 3 6 	4.7(3)
RAYPRECSETUP:	0	1.296043 1.355493 1.289255 	1.313597(3)
RAYLINSOLVER:	0	1.752678 1.683255 1.833973 	1.756635(3)
