RAYITS:	0	12 16 20 	16(3)
RAYPRECSETUP:	0	0.208831 0.333996 0.257135 	0.266654(3)
RAYLINSOLVER:	0	0.381831 0.595857 0.636147 	0.537945(3)
