RAYITS:	0	16 14 19 	16.3(3)
RAYPRECSETUP:	0	0.275486 0.297842 0.300458 	0.291262(3)
RAYLINSOLVER:	0	0.546795 0.496551 0.548910 	0.530752(3)
