RAYITS:	0	5 3 6 	4.7(3)
RAYPRECSETUP:	0	0.238726 0.245906 0.245262 	0.243298(3)
RAYLINSOLVER:	0	0.343241 0.319169 0.368053 	0.343488(3)
