RAYITS:	0	15 16 23 	18(3)
RAYPRECSETUP:	0	1.12914 1.43675 1.41081 	1.32557(3)
RAYLINSOLVER:	0	1.53609 2.01717 2.21586 	1.92304(3)
