RAYITS:	0	5 3 6 	4.7(3)
RAYPRECSETUP:	0	0.190374 0.177131 0.182838 	0.183448(3)
RAYLINSOLVER:	0	0.279373 0.237857 0.278743 	0.265324(3)
