RAYITS:	0	14 14 15 	14.3(3)
RAYPRECSETUP:	0	0.098585 0.094729 0.075015 	0.089443(3)
RAYLINSOLVER:	0	0.183209 0.152185 0.146336 	0.160577(3)
