RAYITS:	0	1 2 4 	2.3(3)
RAYPRECSETUP:	0	1.431848 1.665474 1.355129 	1.484150(3)
RAYLINSOLVER:	0	1.576515 1.930489 1.697589 	1.734864(3)
