RAYITS:	0	16 14 19 	16.3(3)
RAYPRECSETUP:	0	0.276342 0.256872 0.296427 	0.276547(3)
RAYLINSOLVER:	0	0.505179 0.448851 0.542729 	0.498920(3)
