RAYITS:	0	12 16 20 	16(3)
RAYPRECSETUP:	0	0.213366 0.261952 0.273992 	0.24977(3)
RAYLINSOLVER:	0	0.384904 0.511165 0.566589 	0.487553(3)
