RAYITS:	0	16 14 19 	16.3(3)
RAYPRECSETUP:	0	0.222381 0.217459 0.216473 	0.218771(3)
RAYLINSOLVER:	0	0.412553 0.381015 0.428436 	0.407335(3)
