RAYITS:	0	17 14 23 	18(3)
RAYPRECSETUP:	0	1.24286 1.20083 1.20738 	1.21702(3)
RAYLINSOLVER:	0	2.26624 2.02418 2.70586 	2.33209(3)
