RAYITS:	0	16 14 19 	16.3(3)
RAYPRECSETUP:	0	0.222570 0.223061 0.223308 	0.222980(3)
RAYLINSOLVER:	0	0.332131 0.320761 0.349428 	0.334107(3)
