RAYITS:	0	12 16 20 	16(3)
RAYPRECSETUP:	0	0.214368 0.268376 0.275435 	0.252726(3)
RAYLINSOLVER:	0	0.385902 0.517583 0.568031 	0.490505(3)
