RAYITS:	0	1 2 4 	2.3(3)
RAYPRECSETUP:	0	1.433222 1.730219 1.343499 	1.502313(3)
RAYLINSOLVER:	0	1.577621 1.995110 1.685697 	1.752809(3)
