RAYITS:	0	15 16 23 	18(3)
RAYPRECSETUP:	0	0.766261 1.01044 1.03463 	0.937108(3)
RAYLINSOLVER:	0	1.46355 2.01483 2.35186 	1.94341(3)
