RAYITS:	0	17 14 23 	18(3)
RAYPRECSETUP:	0	1.24052 1.19732 1.20593 	1.21459(3)
RAYLINSOLVER:	0	2.26436 2.0171 2.70209 	2.32785(3)
