RAYITS:	0	2 2 5 	3(3)
RAYPRECSETUP:	0	0.0502219 0.043354 0.041883 	0.045153(3)
RAYLINSOLVER:	0	0.0594969 0.0574348 0.059458 	0.0587966(3)
