RAYITS:	0	12 16 16 	14.7(3)
RAYPRECSETUP:	0	0.058974 0.055521 0.053626 	0.056040(3)
RAYLINSOLVER:	0	0.092375 0.102244 0.098977 	0.097865(3)
