RAYITS:	0	5 3 4 	4(3)
RAYPRECSETUP:	0	0.0661061 0.064436 0.088141 	0.0728943(3)
RAYLINSOLVER:	0	0.100615 0.089421 0.109332 	0.0997894(3)
