RAYITS:	0	14 14 15 	14.3(3)
RAYPRECSETUP:	0	0.076153 0.075309 0.071942 	0.074468(3)
RAYLINSOLVER:	0	0.127965 0.149953 0.130338 	0.136085(3)
