RAYITS:	0	12 16 16 	14.7(3)
RAYPRECSETUP:	0	0.082357 0.079839 0.104571 	0.088922(3)
RAYLINSOLVER:	0	0.126048 0.155067 0.194954 	0.158690(3)
