RAYITS:	0	1 2 4 	2.3(3)
RAYPRECSETUP:	0	1.026974 1.121746 1.044220 	1.064313(3)
RAYLINSOLVER:	0	1.171096 1.344939 1.392548 	1.302861(3)
