RAYITS:	0	5 3 6 	4.7(3)
RAYPRECSETUP:	0	1.380201 1.435541 1.371846 	1.395863(3)
RAYLINSOLVER:	0	1.796055 1.736583 1.858680 	1.797106(3)
