RAYITS:	0	15 16 23 	18(3)
RAYPRECSETUP:	0	0.964346 1.28355 1.20897 	1.15229(3)
RAYLINSOLVER:	0	1.93506 3.18285 2.84615 	2.65469(3)
