RAYITS:	0	1 2 4 	2.3(3)
RAYPRECSETUP:	0	1.026439 1.118528 1.041121 	1.062029(3)
RAYLINSOLVER:	0	1.170560 1.341759 1.389485 	1.300601(3)
