RAYITS:	0	12 16 20 	16(3)
RAYPRECSETUP:	0	0.207581 0.331845 0.263485 	0.267637(3)
RAYLINSOLVER:	0	0.380587 0.593428 0.642781 	0.538932(3)
