RAYITS:	0	5 3 6 	4.7(3)
RAYPRECSETUP:	0	1.290564 1.364626 1.260789 	1.305326(3)
RAYLINSOLVER:	0	1.747168 1.692387 1.805302 	1.748286(3)
