RAYITS:	0	5 3 4 	4(3)
RAYPRECSETUP:	0	0.0470822 0.0408249 0.0421319 	0.0433463(3)
RAYLINSOLVER:	0	0.0644131 0.054194 0.057168 	0.0585917(3)
