RAYITS:	0	16 14 19 	16.3(3)
RAYPRECSETUP:	0	0.279764 0.300220 0.303455 	0.294480(3)
RAYLINSOLVER:	0	0.551187 0.499037 0.554240 	0.534821(3)
