RAYITS:	0	1 2 4 	2.3(3)
RAYPRECSETUP:	0	0.244108 0.240606 0.246642 	0.243785(3)
RAYLINSOLVER:	0	0.299825 0.302416 0.357324 	0.319855(3)
