RAYITS:	0	16 14 19 	16.3(3)
RAYPRECSETUP:	0	0.275708 0.264116 0.285739 	0.275188(3)
RAYLINSOLVER:	0	0.504584 0.456104 0.532068 	0.497585(3)
