RAYITS:	0	1 2 4 	2.3(3)
RAYPRECSETUP:	0	0.248182 0.240391 0.260761 	0.249778(3)
RAYLINSOLVER:	0	0.292258 0.289541 0.349578 	0.310459(3)
