RAYITS:	0	5 3 6 	4.7(3)
RAYPRECSETUP:	0	1.457776 1.434176 1.360235 	1.417396(3)
RAYLINSOLVER:	0	1.873235 1.734934 1.846464 	1.818211(3)
