RAYITS:	0	1 2 4 	2.3(3)
RAYPRECSETUP:	0	0.246655 0.249852 0.263015 	0.253174(3)
RAYLINSOLVER:	0	0.290719 0.298985 0.351816 	0.313840(3)
