RAYITS:	0	5 3 4 	4(3)
RAYPRECSETUP:	0	0.0657771 0.063632 0.0877979 	0.0724023(3)
RAYLINSOLVER:	0	0.100285 0.0886171 0.108987 	0.0992964(3)
