RAYITS:	0	16 14 19 	16.3(3)
RAYPRECSETUP:	0	0.274865 0.289894 0.299988 	0.288249(3)
RAYLINSOLVER:	0	0.545964 0.488311 0.548446 	0.527574(3)
