RAYITS:	0	17 14 23 	18(3)
RAYPRECSETUP:	0	1.43487 1.44128 1.43333 	1.43649(3)
RAYLINSOLVER:	0	2.05507 1.95737 2.25047 	2.08763(3)
