RAYITS:	0	5 3 6 	4.7(3)
RAYPRECSETUP:	0	0.237422 0.237699 0.244419 	0.239847(3)
RAYLINSOLVER:	0	0.341927 0.310925 0.367198 	0.340017(3)
