RAYITS:	0	5 3 4 	4(3)
RAYPRECSETUP:	0	0.060025 0.0571859 0.0569899 	0.0580669(3)
RAYLINSOLVER:	0	0.0837688 0.0748889 0.080513 	0.0797236(3)
