RAYITS:	0	2 2 5 	3(3)
RAYPRECSETUP:	0	0.071311 0.071945 0.076499 	0.0732516(3)
RAYLINSOLVER:	0	0.0861518 0.091049 0.104921 	0.0940406(3)
