RAYITS:	0	14 14 15 	14.3(3)
RAYPRECSETUP:	0	0.053956 0.051846 0.055214 	0.053672(3)
RAYLINSOLVER:	0	0.095963 0.092192 0.095970 	0.094708(3)
