RAYITS:	0	1 2 4 	2.3(3)
RAYPRECSETUP:	0	0.247917 0.243124 0.272965 	0.254669(3)
RAYLINSOLVER:	0	0.302007 0.304831 0.383650 	0.330163(3)
