RAYITS:	0	5 3 6 	4.7(3)
RAYPRECSETUP:	0	2.097135 2.115997 2.110374 	2.107835(3)
RAYLINSOLVER:	0	2.415142 2.351851 2.465546 	2.410846(3)
