RAYITS:	0	1 2 4 	2.3(3)
RAYPRECSETUP:	0	1.589689 1.423380 1.308883 	1.440651(3)
RAYLINSOLVER:	0	1.777883 1.684737 1.701083 	1.721234(3)
