RAYITS:	0	15 16 23 	18(3)
RAYPRECSETUP:	0	0.891403 1.29478 1.30519 	1.16379(3)
RAYLINSOLVER:	0	1.69743 2.41193 2.83562 	2.31499(3)
