RAYITS:	0	15 16 23 	18(3)
RAYPRECSETUP:	0	0.909065 1.30542 1.22495 	1.14648(3)
RAYLINSOLVER:	0	1.71412 2.42081 2.75535 	2.29676(3)
