RAYITS:	0	17 14 23 	18(3)
RAYPRECSETUP:	0	1.24689 1.19514 1.20628 	1.2161(3)
RAYLINSOLVER:	0	2.27026 2.01492 2.70246 	2.32922(3)
