RAYITS:	0	5 3 4 	4(3)
RAYPRECSETUP:	0	0.060159 0.0571508 0.0571239 	0.0581446(3)
RAYLINSOLVER:	0	0.0835981 0.0745411 0.0804389 	0.079526(3)
