RAYITS:	0	17 14 23 	18(3)
RAYPRECSETUP:	0	1.00754 1.01124 1.03835 	1.01904(3)
RAYLINSOLVER:	0	1.8966 1.74147 2.20637 	1.94814(3)
