RAYITS:	0	12 16 16 	14.7(3)
RAYPRECSETUP:	0	0.081811 0.079578 0.104275 	0.088555(3)
RAYLINSOLVER:	0	0.128537 0.155118 0.194939 	0.159531(3)
