RAYITS:	0	14 14 15 	14.3(3)
RAYPRECSETUP:	0	0.078594 0.081636 0.070738 	0.076989(3)
RAYLINSOLVER:	0	0.130405 0.156044 0.129131 	0.138527(3)
