RAYITS:	0	5 3 4 	4(3)
RAYPRECSETUP:	0	0.061343 0.058444 0.0582981 	0.0593617(3)
RAYLINSOLVER:	0	0.0847878 0.075839 0.0816119 	0.0807463(3)
