
RAYITS:	2	25 26 27 	26(3)
RAYPRECSETUP:	2	0.885559 0.850967 0.878254 	0.871593(3)
RAYLINSOLVER:	2	1.36467 1.36786 1.41733 	1.38329(3)
