
RAYITS:	1	5 4 5 	4.7(3)
RAYPRECSETUP:	1	1.052290 1.099334 1.155206 	1.102277(3)
RAYLINSOLVER:	1	1.230798 1.262722 1.348461 	1.280660(3)
