
RAYITS:	1	5 4 5 	4.7(3)
RAYPRECSETUP:	1	0.828905 1.070839 0.838357 	0.912700(3)
RAYLINSOLVER:	1	1.146136 1.407970 1.159916 	1.238007(3)
