
RAYITS:	0	20 27 	23.5(2)
RAYPRECSETUP:	0	1.049517 1.096576 	1.073046(2)
RAYLINSOLVER:	0	1.973549 2.228344 	2.100946(2)
