
RAYITS:	2	25 26 27 	26(3)
RAYPRECSETUP:	2	4.32323 2.64718 3.08215 	3.35085(3)
RAYLINSOLVER:	2	9.70774 8.14508 8.40351 	8.75211(3)
