
RAYITS:	0	5 8 	6.5(2)
RAYPRECSETUP:	0	1.098479 1.101350 	1.099915(2)
RAYLINSOLVER:	0	1.286395 1.362206 	1.324301(2)
