
RAYITS:	1	24 24 24 	24(3)
RAYPRECSETUP:	1	0.99869 1.07466 0.90998 	0.994443(3)
RAYLINSOLVER:	1	2.00208 2.14571 1.85254 	2.00011(3)
