
RAYITS:	0	20 27 	23.5(2)
RAYPRECSETUP:	0	1.044443 0.864551 	0.954497(2)
RAYLINSOLVER:	0	1.904583 1.918352 	1.911468(2)
