
RAYITS:	0	20 27 	23.5(2)
RAYPRECSETUP:	0	1.043724 0.870138 	0.956931(2)
RAYLINSOLVER:	0	1.903848 1.923948 	1.913898(2)
