
RAYITS:	2	25 26 27 	26(3)
RAYPRECSETUP:	2	4.25543 2.72937 3.05641 	3.34707(3)
RAYLINSOLVER:	2	9.63991 8.22455 8.37564 	8.7467(3)
