
RAYITS:	0	5 8 	6.5(2)
RAYPRECSETUP:	0	0.992770 1.042203 	1.017486(2)
RAYLINSOLVER:	0	1.410774 1.533502 	1.472138(2)
