
RAYITS:	2	25 26 27 	26(3)
RAYPRECSETUP:	2	0.953424 0.915578 0.936346 	0.935116(3)
RAYLINSOLVER:	2	2.20991 1.93249 2.17942 	2.10728(3)
