
RAYITS:	2	25 26 27 	26(3)
RAYPRECSETUP:	2	0.866146 0.892933 0.887348 	0.882142(3)
RAYLINSOLVER:	2	1.83912 1.90638 1.93262 	1.89271(3)
