
RAYITS:	1	24 24 24 	24(3)
RAYPRECSETUP:	1	1.00431 1.07039 0.912273 	0.995657(3)
RAYLINSOLVER:	1	2.00772 2.14116 1.85459 	2.00116(3)
