
RAYITS:	1	5 4 5 	4.7(3)
RAYPRECSETUP:	1	0.964823 1.018411 1.046191 	1.009808(3)
RAYLINSOLVER:	1	1.290709 1.344002 1.406010 	1.346907(3)
