
RAYITS:	2	25 26 27 	26(3)
RAYPRECSETUP:	2	4.2946 2.71532 3.086 	3.36531(3)
RAYLINSOLVER:	2	9.69502 8.21052 8.41654 	8.77403(3)
