
RAYITS:	1	24 24 24 	24(3)
RAYPRECSETUP:	1	3.24957 5.2863 2.85709 	3.79765(3)
RAYLINSOLVER:	1	7.73737 13.1227 6.15922 	9.00642(3)
