
RAYITS:	1	5 4 5 	4.7(3)
RAYPRECSETUP:	1	2.982383 2.456971 3.048980 	2.829445(3)
RAYLINSOLVER:	1	6.808716 3.605596 4.742474 	5.052262(3)
