
RAYITS:	1	24 24 24 	24(3)
RAYPRECSETUP:	1	3.16579 5.13894 2.91242 	3.73905(3)
RAYLINSOLVER:	1	7.63682 12.9637 6.2037 	8.93474(3)
