
RAYITS:	2	5 6 6 	5.7(3)
RAYPRECSETUP:	2	1.057455 1.092063 1.070652 	1.073390(3)
RAYLINSOLVER:	2	1.240480 1.321746 1.271056 	1.277761(3)
