
RAYITS:	0	5 8 	6.5(2)
RAYPRECSETUP:	0	5.365272 3.200327 	4.282800(2)
RAYLINSOLVER:	0	8.409602 5.664369 	7.036986(2)
