
RAYITS:	2	25 26 27 	26(3)
RAYPRECSETUP:	2	0.953375 0.905225 0.942114 	0.933571(3)
RAYLINSOLVER:	2	2.21017 1.92238 2.18498 	2.10584(3)
