
RAYITS:	2	5 6 6 	5.7(3)
RAYPRECSETUP:	2	1.001314 0.953461 0.966242 	0.973672(3)
RAYLINSOLVER:	2	1.347657 1.346242 1.393735 	1.362545(3)
