
RAYITS:	1	24 24 24 	24(3)
RAYPRECSETUP:	1	0.893391 0.885969 0.929927 	0.903096(3)
RAYLINSOLVER:	1	1.77324 1.802 1.87264 	1.81596(3)
