
RAYITS:	1	24 24 24 	24(3)
RAYPRECSETUP:	1	0.855626 0.891984 0.917712 	0.888441(3)
RAYLINSOLVER:	1	1.33683 1.35853 1.39362 	1.36299(3)
