
RAYITS:	1	5 4 5 	4.7(3)
RAYPRECSETUP:	1	0.969051 1.047294 1.057984 	1.024776(3)
RAYLINSOLVER:	1	1.295184 1.372530 1.419812 	1.362509(3)
