
RAYITS:	2	25 26 27 	26(3)
RAYPRECSETUP:	2	0.865706 0.910434 0.894078 	0.890073(3)
RAYLINSOLVER:	2	1.83868 1.92392 1.93935 	1.90065(3)
