
RAYITS:	2	5 6 6 	5.7(3)
RAYPRECSETUP:	2	4.290821 3.454465 3.685447 	3.810244(3)
RAYLINSOLVER:	2	5.962946 5.037968 9.308150 	6.769688(3)
