
RAYITS:	0	5 8 	6.5(2)
RAYPRECSETUP:	0	0.890792 0.844850 	0.867821(2)
RAYLINSOLVER:	0	1.220320 1.293192 	1.256756(2)
