
RAYITS:	0	20 27 	23.5(2)
RAYPRECSETUP:	0	1.032673 1.078455 	1.055564(2)
RAYLINSOLVER:	0	1.958615 2.210200 	2.084407(2)
