
RAYITS:	0	5 8 	6.5(2)
RAYPRECSETUP:	0	5.329636 3.238324 	4.283980(2)
RAYLINSOLVER:	0	8.373655 5.702345 	7.038000(2)
