
RAYITS:	2	25 26 27 	26(3)
RAYPRECSETUP:	2	4.21122 2.72356 3.07412 	3.3363(3)
RAYLINSOLVER:	2	9.59779 8.21876 8.39337 	8.73664(3)
