
RAYITS:	2	5 6 6 	5.7(3)
RAYPRECSETUP:	2	1.030391 0.961949 0.959577 	0.983972(3)
RAYLINSOLVER:	2	1.374807 1.354711 1.387051 	1.372190(3)
