
RAYITS:	1	24 24 24 	24(3)
RAYPRECSETUP:	1	3.25514 5.26842 2.94956 	3.82437(3)
RAYLINSOLVER:	1	7.72585 13.1052 6.24083 	9.02395(3)
