
RAYITS:	2	5 6 6 	5.7(3)
RAYPRECSETUP:	2	4.226834 3.414259 3.662055 	3.767716(3)
RAYLINSOLVER:	2	5.911882 4.997947 9.269350 	6.726393(3)
