
RAYITS:	0	5 8 	6.5(2)
RAYPRECSETUP:	0	0.890863 0.847533 	0.869198(2)
RAYLINSOLVER:	0	1.220406 1.295894 	1.258150(2)
