
RAYITS:	2	5 6 6 	5.7(3)
RAYPRECSETUP:	2	1.022843 0.952648 0.954582 	0.976691(3)
RAYLINSOLVER:	2	1.367294 1.345414 1.381846 	1.364851(3)
