
RAYITS:	1	5 4 5 	4.7(3)
RAYPRECSETUP:	1	2.937575 2.452974 2.987415 	2.792655(3)
RAYLINSOLVER:	1	6.766028 3.599509 4.691052 	5.018863(3)
