
RAYITS:	0	20 27 	23.5(2)
RAYPRECSETUP:	0	7.943403 5.627264 	6.785334(2)
RAYLINSOLVER:	0	12.311216 9.628050 	10.969633(2)
