
RAYITS:	0	5 8 	6.5(2)
RAYPRECSETUP:	0	0.982071 1.033236 	1.007653(2)
RAYLINSOLVER:	0	1.400269 1.524566 	1.462417(2)
