
RAYITS:	2	5 6 6 	5.7(3)
RAYPRECSETUP:	2	0.849391 0.826868 0.985248 	0.887169(3)
RAYLINSOLVER:	2	1.181615 1.223364 1.400548 	1.268509(3)
