
RAYITS:	0	20 27 	23.5(2)
RAYPRECSETUP:	0	0.872537 0.869288 	0.870912(2)
RAYLINSOLVER:	0	1.273988 1.391070 	1.332529(2)
