
RAYITS:	2	5 6 6 	5.7(3)
RAYPRECSETUP:	2	4.284234 3.448284 3.734882 	3.822467(3)
RAYLINSOLVER:	2	5.954819 5.037109 9.357324 	6.783084(3)
