
RAYITS:	2	5 6 6 	5.7(3)
RAYPRECSETUP:	2	0.844631 0.837232 0.988948 	0.890270(3)
RAYLINSOLVER:	2	1.176660 1.233724 1.404245 	1.271543(3)
