
RAYITS:	0	5 8 	6.5(2)
RAYPRECSETUP:	0	0.984460 1.035421 	1.009940(2)
RAYLINSOLVER:	0	1.402281 1.526715 	1.464498(2)
