
RAYITS:	1	5 4 5 	4.7(3)
RAYPRECSETUP:	1	0.961888 1.039914 1.060261 	1.020688(3)
RAYLINSOLVER:	1	1.288010 1.365285 1.420030 	1.357775(3)
