
RAYITS:	0	5 8 	6.5(2)
RAYPRECSETUP:	0	5.380355 3.187737 	4.284046(2)
RAYLINSOLVER:	0	8.434749 5.652101 	7.043425(2)
