
RAYITS:	0	5 8 	6.5(2)
RAYPRECSETUP:	0	5.253844 3.220780 	4.237312(2)
RAYLINSOLVER:	0	8.299999 5.684815 	6.992407(2)
