
RAYITS:	1	24 24 24 	24(3)
RAYPRECSETUP:	1	0.912564 0.891194 0.940334 	0.914697(3)
RAYLINSOLVER:	1	1.79242 1.80721 1.88309 	1.82757(3)
