
RAYITS:	0	20 27 	23.5(2)
RAYPRECSETUP:	0	7.895989 5.577542 	6.736766(2)
RAYLINSOLVER:	0	12.255467 9.594410 	10.924939(2)
