
RAYITS:	2	25 26 27 	26(3)
RAYPRECSETUP:	2	0.949991 0.916175 0.933877 	0.933348(3)
RAYLINSOLVER:	2	2.20644 1.93323 2.17651 	2.10539(3)
