
RAYITS:	1	24 24 24 	24(3)
RAYPRECSETUP:	1	0.997102 1.07129 0.916728 	0.995041(3)
RAYLINSOLVER:	1	2.00029 2.14258 1.85953 	2.0008(3)
