
RAYITS:	1	5 4 5 	4.7(3)
RAYPRECSETUP:	1	2.912451 2.480199 3.028149 	2.806933(3)
RAYLINSOLVER:	1	6.742149 3.626757 4.721625 	5.030177(3)
