
RAYITS:	0	20 27 	23.5(2)
RAYPRECSETUP:	0	7.968432 5.528934 	6.748683(2)
RAYLINSOLVER:	0	12.324796 9.529993 	10.927395(2)
