
RAYITS:	2	5 6 6 	5.7(3)
RAYPRECSETUP:	2	4.206025 3.388435 3.735559 	3.776673(3)
RAYLINSOLVER:	2	5.876616 4.972322 9.364376 	6.737771(3)
