
RAYITS:	0	20 27 	23.5(2)
RAYPRECSETUP:	0	1.053462 1.103515 	1.078488(2)
RAYLINSOLVER:	0	1.977459 2.235256 	2.106357(2)
