
RAYITS:	1	5 4 5 	4.7(3)
RAYPRECSETUP:	1	2.977824 2.484314 2.940686 	2.800941(3)
RAYLINSOLVER:	1	6.804181 3.637929 4.633880 	5.025330(3)
