
RAYITS:	0	20 27 	23.5(2)
RAYPRECSETUP:	0	7.979788 5.637129 	6.808458(2)
RAYLINSOLVER:	0	12.338110 9.638183 	10.988146(2)
