
RAYITS:	1	24 24 24 	24(3)
RAYPRECSETUP:	1	3.24296 5.28297 2.95566 	3.8272(3)
RAYLINSOLVER:	1	7.71364 13.1194 6.24665 	9.02655(3)
