
RAYITS:	1	5 4 5 	4.7(3)
RAYPRECSETUP:	1	0.833414 1.108056 0.839958 	0.927143(3)
RAYLINSOLVER:	1	1.150654 1.445182 1.161523 	1.252453(3)
