0 0 1.62528607298604
0 3 -0.0866522415961952
0 4 0.021384893583285
0 11 -0.310779473381028
0 2 0.00772665611042384
0 18 -0.264498099319126
1 1 1.6329175616329
1 18 -0.234771528350319
1 19 -0.288365346302535
1 2 -0.23357146338498
1 8 -0.150640145367032
1 14 -0.0943003835633269
1 12 0.06430834675674
1 6 -0.0160483579152685
2 2 1.75514444947005
2 0 0.00772665611042384
2 1 -0.23357146338498
2 18 -0.422901750289996
2 8 0.190365836086421
2 11 0.0833594983113592
2 12 -0.508134580133659
3 0 -0.0866522415961952
3 3 2.18036608254356
3 4 -0.692746267659388
3 5 0.0526723808475116
3 7 -0.0693301765582509
3 8 -0.0491689730705131
3 11 -0.423489273646454
3 13 0.0675015110861759
3 15 -0.0727719060992709
4 0 0.021384893583285
4 3 -0.692746267659388
4 4 2.08209167376272
4 13 -0.426547897598944
4 8 0.00383981059935343
4 11 0.0620118900483275
4 15 -0.31885589086554
4 18 -0.34984446972769
4 19 0.0665446879673313
5 5 2.17963804586267
5 3 0.0526723808475116
5 7 -0.145892093990204
5 8 -0.0689366019778683
5 9 -0.265979744634695
5 15 -0.604584144743564
5 16 -0.543988610439031
6 6 2.00145910177751
6 15 -0.0207060620193054
6 16 -0.600502789160546
6 19 -0.238118216611252
6 14 -0.605337531136664
6 1 -0.0160483579152685
6 8 -0.206527147189355
6 10 0.0950011573624732
6 9 0.133681825742209
7 3 -0.0693301765582509
7 5 -0.145892093990204
7 7 1.68568401399986
7 8 -0.0497979521507933
7 9 -0.389699332856546
7 17 -0.413372435665878
7 11 -0.097998501673987
8 3 -0.0491689730705131
8 5 -0.0689366019778683
8 7 -0.0497979521507933
8 8 1.70650075902438
8 9 -0.305506642127939
8 17 0.0294660386974379
8 4 0.00383981059935343
8 11 -0.131248135525837
8 2 0.190365836086421
8 1 -0.150640145367032
8 18 -0.387609095631578
8 12 -0.430457715273877
8 10 0.00319255957276682
8 14 0.00658419320504447
8 15 -0.265089894851656
8 19 0.0255496951249164
8 6 -0.206527147189355
8 16 0.0794834108561319
9 7 -0.389699332856546
9 5 -0.265979744634695
9 9 2.07296230240584
9 8 -0.305506642127939
9 17 -0.0853963013892104
9 12 0.129803795044128
9 10 -0.555333351985645
9 6 0.133681825742209
9 16 -0.349149150636456
9 19 0
