
RAYITS:	0	16 14 19 	16.3(3)
RAYPRECSETUP:	0	0.246272 0.247324 0.257929 	0.250508(3)
RAYLINSOLVER:	0	0.369915 0.359645 0.396406 	0.375322(3)
