
RAYITS:	0	5 3 6 	4.7(3)
RAYPRECSETUP:	0	0.271775 0.265534 0.267847 	0.268385(3)
RAYLINSOLVER:	0	0.336053 0.315191 0.339905 	0.330383(3)
